0
5
333333333333
25
2
166666666667
142857142857
125
111111111111
1
0909090909091
0833333333333
0769230769231
0714285714286
0666666666667
0625
0588235294118
0555555555556
0526315789474
05
047619047619
0454545454545
0434782608696
0416666666667
04
0384615384615
037037037037
0357142857143
0344827586207
0333333333333
0322580645161
03125
030303030303
0294117647059
0285714285714
0277777777778
027027027027
0263157894737
025641025641
025
0243902439024
0238095238095
0232558139535
0227272727273
0222222222222
0217391304348
0212765957447
0208333333333
0204081632653
02
0196078431373
0192307692308
0188679245283
0185185185185
0181818181818
0178571428571
0175438596491
0172413793103
0169491525424
0166666666667
016393442623
0161290322581
015873015873
015625
0153846153846
0151515151515
0149253731343
0147058823529
0144927536232
0142857142857
0140845070423
0138888888889
013698630137
0135135135135
0133333333333
0131578947368
012987012987
0128205128205
0126582278481
0125
0123456790123
0121951219512
0120481927711
0119047619048
0117647058824
0116279069767
0114942528736
0113636363636
0112359550562
0111111111111
010989010989
0108695652174
010752688172
0106382978723
0105263157895
0104166666667
0103092783505
0102040816327
010101010101
01
00990099009901
00980392156863
00970873786408
00961538461538
00952380952381
00943396226415
00934579439252
00925925925926
00917431192661
00909090909091
00900900900901
00892857142857
00884955752212
00877192982456
00869565217391
00862068965517
00854700854701
00847457627119
00840336134454
00833333333333
00826446280992
00819672131148
00813008130081
00806451612903
008
00793650793651
00787401574803
0078125
0077519379845
00769230769231
00763358778626
00757575757576
00751879699248
00746268656716
00740740740741
00735294117647
00729927007299
00724637681159
00719424460432
00714285714286
00709219858156
00704225352113
00699300699301
00694444444444
00689655172414
00684931506849
00680272108844
00675675675676
00671140939597
00666666666667
00662251655629
00657894736842
00653594771242
00649350649351
00645161290323
00641025641026
00636942675159
00632911392405
0062893081761
00625
00621118012422
00617283950617
00613496932515
00609756097561
00606060606061
00602409638554
0059880239521
00595238095238
00591715976331
00588235294118
00584795321637
00581395348837
00578034682081
00574712643678
00571428571429
00568181818182
00564971751412
00561797752809
00558659217877
00555555555556
00552486187845
00549450549451
00546448087432
0054347826087
00540540540541
00537634408602
00534759358289
00531914893617
00529100529101
00526315789474
00523560209424
00520833333333
00518134715026
00515463917526
00512820512821
00510204081633
00507614213198
00505050505051
00502512562814
005
00497512437811
0049504950495
00492610837438
00490196078431
00487804878049
00485436893204
0048309178744
00480769230769
00478468899522
0047619047619
00473933649289
00471698113208
00469483568075
00467289719626
0046511627907
00462962962963
00460829493088
0045871559633
00456621004566
00454545454545
00452488687783
0045045045045
00448430493274
00446428571429
00444444444444
00442477876106
00440528634361
00438596491228
00436681222707
00434782608696
004329004329
00431034482759
00429184549356
0042735042735
00425531914894
00423728813559
0042194092827
00420168067227
00418410041841
00416666666667
00414937759336
00413223140496
00411522633745
00409836065574
00408163265306
00406504065041
00404858299595
00403225806452
00401606425703
004
00398406374502
00396825396825
00395256916996
00393700787402
00392156862745
00390625
00389105058366
00387596899225
003861003861
00384615384615
00383141762452
00381679389313
00380228136882
00378787878788
00377358490566
00375939849624
00374531835206
00373134328358
00371747211896
0037037037037
00369003690037
00367647058824
003663003663
0036496350365
00363636363636
0036231884058
00361010830325
00359712230216
00358422939068
00357142857143
00355871886121
00354609929078
00353356890459
00352112676056
00350877192982
0034965034965
00348432055749
00347222222222
00346020761246
00344827586207
00343642611684
00342465753425
00341296928328
00340136054422
00338983050847
00337837837838
003367003367
00335570469799
00334448160535
00333333333333
00332225913621
00331125827815
003300330033
00328947368421
00327868852459
00326797385621
00325732899023
00324675324675
00323624595469
00322580645161
0032154340836
00320512820513
00319488817891
0031847133758
0031746031746
00316455696203
00315457413249
00314465408805
00313479623824
003125
00311526479751
00310559006211
0030959752322
00308641975309
00307692307692
00306748466258
00305810397554
0030487804878
00303951367781
0030303030303
00302114803625
00301204819277
003003003003
00299401197605
00298507462687
00297619047619
00296735905045
00295857988166
00294985250737
00294117647059
00293255131965
00292397660819
00291545189504
00290697674419
00289855072464
0028901734104
0028818443804
00287356321839
00286532951289
00285714285714
002849002849
00284090909091
0028328611898
00282485875706
00281690140845
00280898876404
00280112044818
00279329608939
00278551532033
00277777777778
00277008310249
00276243093923
00275482093664
00274725274725
0027397260274
00273224043716
00272479564033
00271739130435
00271002710027
0027027027027
00269541778976
00268817204301
00268096514745
00267379679144
00266666666667
00265957446809
0026525198939
0026455026455
00263852242744
00263157894737
00262467191601
00261780104712
00261096605744
00260416666667
0025974025974
00259067357513
00258397932817
00257731958763
0025706940874
0025641025641
00255754475703
00255102040816
00254452926209
00253807106599
00253164556962
00252525252525
00251889168766
00251256281407
00250626566416
0025
00249376558603
00248756218905
00248138957816
00247524752475
00246913580247
00246305418719
002457002457
00245098039216
00244498777506
00243902439024
00243309002433
00242718446602
00242130750605
0024154589372
00240963855422
00240384615385
00239808153477
00239234449761
00238663484487
00238095238095
00237529691211
00236966824645
00236406619385
00235849056604
00235294117647
00234741784038
00234192037471
00233644859813
002331002331
00232558139535
00232018561485
00231481481481
00230946882217
00230414746544
00229885057471
00229357798165
00228832951945
00228310502283
00227790432802
00227272727273
00226757369615
00226244343891
00225733634312
00225225225225
00224719101124
00224215246637
00223713646532
00223214285714
0022271714922
00222222222222
00221729490022
00221238938053
00220750551876
00220264317181
0021978021978
00219298245614
00218818380744
00218340611354
00217864923747
00217391304348
00216919739696
0021645021645
00215982721382
00215517241379
00215053763441
00214592274678
00214132762313
00213675213675
00213219616205
00212765957447
00212314225053
0021186440678
00211416490486
00210970464135
00210526315789
00210084033613
0020964360587
00209205020921
00208768267223
00208333333333
002079002079
00207468879668
00207039337474
00206611570248
0020618556701
00205761316872
00205338809035
00204918032787
00204498977505
00204081632653
0020366598778
0020325203252
00202839756592
00202429149798
0020202020202
00201612903226
00201207243461
00200803212851
00200400801603
002
00199600798403
00199203187251
00198807157058
00198412698413
0019801980198
00197628458498
00197238658777
00196850393701
00196463654224
00196078431373
00195694716243
001953125
00194931773879
00194552529183
00194174757282
00193798449612
00193423597679
0019305019305
0019267822736
00192307692308
00191938579655
00191570881226
0019120458891
00190839694656
00190476190476
00190114068441
00189753320683
00189393939394
00189035916824
00188679245283
00188323917137
00187969924812
00187617260788
00187265917603
0018691588785
00186567164179
00186219739292
00185873605948
00185528756957
00185185185185
00184842883549
00184501845018
00184162062615
00183823529412
00183486238532
0018315018315
0018281535649
00182481751825
00182149362477
00181818181818
00181488203267
0018115942029
00180831826401
00180505415162
0018018018018
00179856115108
00179533213645
00179211469534
00178890876565
00178571428571
0017825311943
0017793594306
00177619893428
00177304964539
00176991150442
0017667844523
00176366843034
00176056338028
00175746924429
00175438596491
00175131348511
00174825174825
00174520069808
00174216027875
00173913043478
00173611111111
00173310225303
00173010380623
00172711571675
00172413793103
00172117039587
00171821305842
00171526586621
00171232876712
0017094017094
00170648464164
00170357751278
00170068027211
00169779286927
00169491525424
00169204737733
00168918918919
00168634064081
0016835016835
00168067226891
00167785234899
00167504187605
00167224080268
0016694490818
00166666666667
00166389351082
00166112956811
0016583747927
00165562913907
00165289256198
0016501650165
00164744645799
00164473684211
00164203612479
0016393442623
00163666121113
0016339869281
00163132137031
00162866449511
00162601626016
00162337662338
00162074554295
00161812297735
0016155088853
00161290322581
00161030595813
0016077170418
0016051364366
00160256410256
0016
00159744408946
00159489633174
0015923566879
00158982511924
0015873015873
00158478605388
00158227848101
00157977883096
00157728706625
00157480314961
00157232704403
00156985871272
00156739811912
00156494522692
0015625
0015600624025
00155763239875
00155520995334
00155279503106
0015503875969
0015479876161
0015455950541
00154320987654
00154083204931
00153846153846
00153609831029
00153374233129
00153139356815
00152905198777
00152671755725
0015243902439
00152207001522
00151975683891
00151745068285
00151515151515
00151285930408
00151057401813
00150829562594
00150602409639
0015037593985
0015015015015
00149925037481
00149700598802
00149476831091
00149253731343
00149031296572
0014880952381
00148588410104
00148367952522
00148148148148
00147928994083
00147710487445
00147492625369
00147275405007
00147058823529
0014684287812
00146627565982
00146412884334
00146198830409
0014598540146
00145772594752
00145560407569
00145348837209
00145137880987
00144927536232
00144717800289
0014450867052
001443001443
0014409221902
00143884892086
0014367816092
00143472022956
00143266475645
00143061516452
00142857142857
00142653352354
0014245014245
00142247510669
00142045454545
00141843971631
0014164305949
001414427157
00141242937853
00141043723554
00140845070423
0014064697609
00140449438202
00140252454418
00140056022409
0013986013986
00139664804469
00139470013947
00139275766017
00139082058414
00138888888889
00138696255201
00138504155125
00138312586445
00138121546961
00137931034483
00137741046832
00137551581843
00137362637363
00137174211248
0013698630137
00136798905609
00136612021858
00136425648022
00136239782016
00136054421769
00135869565217
00135685210312
00135501355014
00135317997294
00135135135135
00134952766532
00134770889488
00134589502019
00134408602151
00134228187919
00134048257373
00133868808568
00133689839572
00133511348465
00133333333333
00133155792277
00132978723404
00132802124834
00132625994695
00132450331126
00132275132275
00132100396301
00131926121372
00131752305665
00131578947368
00131406044678
00131233595801
00131061598952
00130890052356
00130718954248
00130548302872
0013037809648
00130208333333
00130039011704
0012987012987
00129701686122
00129533678756
0012936610608
00129198966408
00129032258065
00128865979381
001287001287
0012853470437
0012836970475
00128205128205
00128040973111
00127877237852
00127713920817
00127551020408
00127388535032
00127226463104
0012706480305
00126903553299
00126742712294
00126582278481
00126422250316
00126262626263
00126103404792
00125944584383
00125786163522
00125628140704
00125470514429
00125313283208
00125156445557
00125
00124843945069
00124688279302
00124533001245
00124378109453
00124223602484
00124069478908
00123915737299
00123762376238
00123609394314
00123456790123
00123304562269
0012315270936
00123001230012
0012285012285
00122699386503
00122549019608
00122399020808
00122249388753
001221001221
00121951219512
00121802679659
00121654501217
00121506682868
00121359223301
00121212121212
00121065375303
00120918984281
0012077294686
00120627261761
00120481927711
00120336943442
00120192307692
00120048019208
00119904076739
00119760479042
0011961722488
00119474313023
00119331742243
00119189511323
00119047619048
00118906064209
00118764845606
0011862396204
00118483412322
00118343195266
00118203309693
00118063754427
00117924528302
00117785630153
00117647058824
00117508813161
00117370892019
00117233294256
00117096018735
00116959064327
00116822429907
00116686114352
0011655011655
0011641443539
00116279069767
00116144018583
00116009280742
00115874855156
00115740740741
00115606936416
00115473441109
00115340253749
00115207373272
00115074798619
00114942528736
00114810562572
00114678899083
00114547537228
00114416475973
00114285714286
00114155251142
00114025085519
00113895216401
00113765642776
00113636363636
0011350737798
00113378684807
00113250283126
00113122171946
00112994350282
00112866817156
0011273957159
00112612612613
00112485939258
00112359550562
00112233445567
00112107623318
00111982082867
00111856823266
00111731843575
00111607142857
00111482720178
0011135857461
00111234705228
00111111111111
00110987791343
00110864745011
00110741971207
00110619469027
00110497237569
00110375275938
00110253583241
0011013215859
001100110011
0010989010989
00109769484083
00109649122807
00109529025192
00109409190372
00109289617486
00109170305677
00109051254089
00108932461874
00108813928183
00108695652174
00108577633008
00108459869848
00108342361863
00108225108225
00108108108108
00107991360691
00107874865156
0010775862069
0010764262648
0010752688172
00107411385607
00107296137339
0010718113612
00107066381156
00106951871658
00106837606838
00106723585912
00106609808102
0010649627263
00106382978723
00106269925611
00106157112527
00106044538706
0010593220339
0010582010582
00105708245243
00105596620908
00105485232068
00105374077977
00105263157895
00105152471083
00105042016807
00104931794334
00104821802935
00104712041885
0010460251046
00104493207941
00104384133612
00104275286757
00104166666667
00104058272633
0010395010395
00103842159917
00103734439834
00103626943005
00103519668737
00103412616339
00103305785124
00103199174407
00103092783505
0010298661174
00102880658436
00102774922919
00102669404517
00102564102564
00102459016393
00102354145343
00102249488753
00102145045965
00102040816327
00101936799185
0010183299389
00101729399797
0010162601626
0010152284264
00101419878296
00101317122594
00101214574899
0010111223458
0010101010101
00100908173562
00100806451613
00100704934542
0010060362173
00100502512563
00100401606426
00100300902708
00100200400802
001001001001
